L1	D1	D2	l2_1	l2_2	n_epo	Accuracy


[1300, 0, 0, 0, 0, 25]: 32.82
[1300, 0, 0, 0, 0, 60]: 27.88
[1300, 0, 0, 0, 0.01, 25]: 34.40
[1300, 0, 0, 0, 0.01, 60]: 33.09
[1300, 0, 0, 0, 0.1, 25]: 31.46
[1300, 0, 0, 0, 0.1, 60]: 31.83
[1300, 0, 0, 0.01, 0, 25]: 30.98
[1300, 0, 0, 0.01, 0, 60]: 29.88
[1300, 0, 0, 0.01, 0.01, 25]: 28.20
[1300, 0, 0, 0.01, 0.01, 60]: 29.98
[1300, 0, 0, 0.01, 0.1, 25]: 24.83
[1300, 0, 0, 0.01, 0.1, 60]: 26.30
[1300, 0, 0, 0.1, 0, 25]: 20.25
[1300, 0, 0, 0.1, 0, 60]: 21.25
[1300, 0, 0, 0.1, 0.01, 25]: 21.83
[1300, 0, 0, 0.1, 0.01, 60]: 23.15
[1300, 0, 0, 0.1, 0.1, 25]: 21.88
[1300, 0, 0, 0.1, 0.1, 60]: 21.73
[1300, 0, 0.2, 0, 0, 25]: 33.40
[1300, 0, 0.2, 0, 0, 60]: 32.25
[1300, 0, 0.2, 0, 0.01, 25]: 31.04
[1300, 0, 0.2, 0, 0.01, 60]: 31.51
[1300, 0, 0.2, 0, 0.1, 25]: 30.30
[1300, 0, 0.2, 0, 0.1, 60]: 29.83
[1300, 0, 0.2, 0.01, 0, 25]: 31.56
[1300, 0, 0.2, 0.01, 0, 60]: 32.98
[1300, 0, 0.2, 0.01, 0.01, 25]: 27.67
[1300, 0, 0.2, 0.01, 0.01, 60]: 32.51
[1300, 0, 0.2, 0.01, 0.1, 25]: 24.99
[1300, 0, 0.2, 0.01, 0.1, 60]: 23.30
[1300, 0, 0.2, 0.1, 0, 25]: 21.04
[1300, 0, 0.2, 0.1, 0, 60]: 24.51
[1300, 0, 0.2, 0.1, 0.01, 25]: 21.46
[1300, 0, 0.2, 0.1, 0.01, 60]: 24.41
[1300, 0, 0.2, 0.1, 0.1, 25]: 12.15
[1300, 0, 0.2, 0.1, 0.1, 60]: 22.20
[1300, 0, 0.4, 0, 0, 25]: 33.40
[1300, 0, 0.4, 0, 0, 60]: 32.93
[1300, 0, 0.4, 0, 0.01, 25]: 32.51
[1300, 0, 0.4, 0, 0.01, 60]: 30.62
[1300, 0, 0.4, 0, 0.1, 25]: 30.88
[1300, 0, 0.4, 0, 0.1, 60]: 30.62
[1300, 0, 0.4, 0.01, 0, 25]: 29.93
[1300, 0, 0.4, 0.01, 0, 60]: 30.35
[1300, 0, 0.4, 0.01, 0.01, 25]: 28.25
[1300, 0, 0.4, 0.01, 0.01, 60]: 30.46
[1300, 0, 0.4, 0.01, 0.1, 25]: 24.30
[1300, 0, 0.4, 0.01, 0.1, 60]: 23.88
[1300, 0, 0.4, 0.1, 0, 25]: 22.67
[1300, 0, 0.4, 0.1, 0, 60]: 22.04
[1300, 0, 0.4, 0.1, 0.01, 25]: 22.94
[1300, 0, 0.4, 0.1, 0.01, 60]: 23.88
[1300, 0, 0.4, 0.1, 0.1, 25]: 16.04
[1300, 0, 0.4, 0.1, 0.1, 60]: 17.36
[1300, 0, 0.6, 0, 0, 25]: 30.88
[1300, 0, 0.6, 0, 0, 60]: 30.09
[1300, 0, 0.6, 0, 0.01, 25]: 32.67
[1300, 0, 0.6, 0, 0.01, 60]: 30.56
[1300, 0, 0.6, 0, 0.1, 25]: 32.40
[1300, 0, 0.6, 0, 0.1, 60]: 30.93
[1300, 0, 0.6, 0.01, 0, 25]: 26.67
[1300, 0, 0.6, 0.01, 0, 60]: 29.77
[1300, 0, 0.6, 0.01, 0.01, 25]: 25.88
[1300, 0, 0.6, 0.01, 0.01, 60]: 27.14
[1300, 0, 0.6, 0.01, 0.1, 25]: 24.20
[1300, 0, 0.6, 0.01, 0.1, 60]: 25.41
[1300, 0, 0.6, 0.1, 0, 25]: 7.36
[1300, 0, 0.6, 0.1, 0, 60]: 4.37
[1300, 0, 0.6, 0.1, 0.01, 25]: 23.20
[1300, 0, 0.6, 0.1, 0.01, 60]: 21.67
[1300, 0, 0.6, 0.1, 0.1, 25]: 15.89
[1300, 0, 0.6, 0.1, 0.1, 60]: 16.10
[1300, 0.2, 0, 0, 0, 25]: 29.04
[1300, 0.2, 0, 0, 0, 60]: 32.93
[1300, 0.2, 0, 0, 0.01, 25]: 33.77
[1300, 0.2, 0, 0, 0.01, 60]: 33.82
[1300, 0.2, 0, 0, 0.1, 25]: 31.77
[1300, 0.2, 0, 0, 0.1, 60]: 32.77
[1300, 0.2, 0, 0.01, 0, 25]: 25.62
[1300, 0.2, 0, 0.01, 0, 60]: 28.30
[1300, 0.2, 0, 0.01, 0.01, 25]: 25.14
[1300, 0.2, 0, 0.01, 0.01, 60]: 28.83
[1300, 0.2, 0, 0.01, 0.1, 25]: 21.20
[1300, 0.2, 0, 0.01, 0.1, 60]: 25.72
[1300, 0.2, 0, 0.1, 0, 25]: 20.09
[1300, 0.2, 0, 0.1, 0, 60]: 18.62
[1300, 0.2, 0, 0.1, 0.01, 25]: 17.94
[1300, 0.2, 0, 0.1, 0.01, 60]: 14.83
[1300, 0.2, 0, 0.1, 0.1, 25]: 21.04
[1300, 0.2, 0, 0.1, 0.1, 60]: 21.25
[1300, 0.2, 0.2, 0, 0, 25]: 33.04
[1300, 0.2, 0.2, 0, 0, 60]: 30.98
[1300, 0.2, 0.2, 0, 0.01, 25]: 30.83
[1300, 0.2, 0.2, 0, 0.01, 60]: 31.51
[1300, 0.2, 0.2, 0, 0.1, 25]: 31.04
[1300, 0.2, 0.2, 0, 0.1, 60]: 28.62
[1300, 0.2, 0.2, 0.01, 0, 25]: 24.46
[1300, 0.2, 0.2, 0.01, 0, 60]: 15.57
[1300, 0.2, 0.2, 0.01, 0.01, 25]: 23.36
[1300, 0.2, 0.2, 0.01, 0.01, 60]: 27.56
[1300, 0.2, 0.2, 0.01, 0.1, 25]: 22.04
[1300, 0.2, 0.2, 0.01, 0.1, 60]: 22.30
[1300, 0.2, 0.2, 0.1, 0, 25]: 16.04
[1300, 0.2, 0.2, 0.1, 0, 60]: 12.31
[1300, 0.2, 0.2, 0.1, 0.01, 25]: 18.62
[1300, 0.2, 0.2, 0.1, 0.01, 60]: 11.73
[1300, 0.2, 0.2, 0.1, 0.1, 25]: 19.25
[1300, 0.2, 0.2, 0.1, 0.1, 60]: 18.57
[1300, 0.2, 0.4, 0, 0, 25]: 32.35
[1300, 0.2, 0.4, 0, 0, 60]: 30.93
[1300, 0.2, 0.4, 0, 0.01, 25]: 30.35
[1300, 0.2, 0.4, 0, 0.01, 60]: 30.88
[1300, 0.2, 0.4, 0, 0.1, 25]: 29.30
[1300, 0.2, 0.4, 0, 0.1, 60]: 30.41
[1300, 0.2, 0.4, 0.01, 0, 25]: 26.83
[1300, 0.2, 0.4, 0.01, 0, 60]: 23.72
[1300, 0.2, 0.4, 0.01, 0.01, 25]: 23.83
[1300, 0.2, 0.4, 0.01, 0.01, 60]: 19.46
[1300, 0.2, 0.4, 0.01, 0.1, 25]: 22.20
[1300, 0.2, 0.4, 0.01, 0.1, 60]: 22.41
[1300, 0.2, 0.4, 0.1, 0, 25]: 10.84
[1300, 0.2, 0.4, 0.1, 0, 60]: 12.78
[1300, 0.2, 0.4, 0.1, 0.01, 25]: 19.52
[1300, 0.2, 0.4, 0.1, 0.01, 60]: 14.73
[1300, 0.2, 0.4, 0.1, 0.1, 25]: 12.73
[1300, 0.2, 0.4, 0.1, 0.1, 60]: 20.15
[1300, 0.2, 0.6, 0, 0, 25]: 29.93
[1300, 0.2, 0.6, 0, 0, 60]: 28.77
[1300, 0.2, 0.6, 0, 0.01, 25]: 30.25
[1300, 0.2, 0.6, 0, 0.01, 60]: 27.56
[1300, 0.2, 0.6, 0, 0.1, 25]: 26.46
[1300, 0.2, 0.6, 0, 0.1, 60]: 29.30
[1300, 0.2, 0.6, 0.01, 0, 25]: 23.62
[1300, 0.2, 0.6, 0.01, 0, 60]: 24.51
[1300, 0.2, 0.6, 0.01, 0.01, 25]: 23.88
[1300, 0.2, 0.6, 0.01, 0.01, 60]: 20.36
[1300, 0.2, 0.6, 0.01, 0.1, 25]: 21.73
[1300, 0.2, 0.6, 0.01, 0.1, 60]: 22.72
[1300, 0.2, 0.6, 0.1, 0, 25]: 5.68
[1300, 0.2, 0.6, 0.1, 0, 60]: 4.37
[1300, 0.2, 0.6, 0.1, 0.01, 25]: 9.36
[1300, 0.2, 0.6, 0.1, 0.01, 60]: 9.42
[1300, 0.2, 0.6, 0.1, 0.1, 25]: 13.31
[1300, 0.2, 0.6, 0.1, 0.1, 60]: 10.26
[1300, 0.4, 0, 0, 0, 25]: 26.93
[1300, 0.4, 0, 0, 0, 60]: 31.61
[1300, 0.4, 0, 0, 0.01, 25]: 29.77
[1300, 0.4, 0, 0, 0.01, 60]: 28.83
[1300, 0.4, 0, 0, 0.1, 25]: 28.20
[1300, 0.4, 0, 0, 0.1, 60]: 29.88
[1300, 0.4, 0, 0.01, 0, 25]: 15.57
[1300, 0.4, 0, 0.01, 0, 60]: 14.47
[1300, 0.4, 0, 0.01, 0.01, 25]: 19.31
[1300, 0.4, 0, 0.01, 0.01, 60]: 18.10
[1300, 0.4, 0, 0.01, 0.1, 25]: 22.04
[1300, 0.4, 0, 0.01, 0.1, 60]: 17.94
[1300, 0.4, 0, 0.1, 0, 25]: 15.73
[1300, 0.4, 0, 0.1, 0, 60]: 5.89
[1300, 0.4, 0, 0.1, 0.01, 25]: 14.26
[1300, 0.4, 0, 0.1, 0.01, 60]: 12.05
[1300, 0.4, 0, 0.1, 0.1, 25]: 6.84
[1300, 0.4, 0, 0.1, 0.1, 60]: 4.37
[1300, 0.4, 0.2, 0, 0, 25]: 27.67
[1300, 0.4, 0.2, 0, 0, 60]: 24.15
[1300, 0.4, 0.2, 0, 0.01, 25]: 27.41
[1300, 0.4, 0.2, 0, 0.01, 60]: 30.93
[1300, 0.4, 0.2, 0, 0.1, 25]: 26.62
[1300, 0.4, 0.2, 0, 0.1, 60]: 28.51
[1300, 0.4, 0.2, 0.01, 0, 25]: 16.62
[1300, 0.4, 0.2, 0.01, 0, 60]: 16.31
[1300, 0.4, 0.2, 0.01, 0.01, 25]: 21.25
[1300, 0.4, 0.2, 0.01, 0.01, 60]: 15.73
[1300, 0.4, 0.2, 0.01, 0.1, 25]: 17.78
[1300, 0.4, 0.2, 0.01, 0.1, 60]: 17.62
[1300, 0.4, 0.2, 0.1, 0, 25]: 10.21
[1300, 0.4, 0.2, 0.1, 0, 60]: 13.73
[1300, 0.4, 0.2, 0.1, 0.01, 25]: 10.31
[1300, 0.4, 0.2, 0.1, 0.01, 60]: 11.20
[1300, 0.4, 0.2, 0.1, 0.1, 25]: 8.36
[1300, 0.4, 0.2, 0.1, 0.1, 60]: 9.26
[1300, 0.4, 0.4, 0, 0, 25]: 25.93
[1300, 0.4, 0.4, 0, 0, 60]: 24.72
[1300, 0.4, 0.4, 0, 0.01, 25]: 26.51
[1300, 0.4, 0.4, 0, 0.01, 60]: 28.88
[1300, 0.4, 0.4, 0, 0.1, 25]: 26.25
[1300, 0.4, 0.4, 0, 0.1, 60]: 30.04
[1300, 0.4, 0.4, 0.01, 0, 25]: 18.25
[1300, 0.4, 0.4, 0.01, 0, 60]: 14.10
[1300, 0.4, 0.4, 0.01, 0.01, 25]: 21.20
[1300, 0.4, 0.4, 0.01, 0.01, 60]: 15.83
[1300, 0.4, 0.4, 0.01, 0.1, 25]: 17.99
[1300, 0.4, 0.4, 0.01, 0.1, 60]: 19.15
[1300, 0.4, 0.4, 0.1, 0, 25]: 7.68
[1300, 0.4, 0.4, 0.1, 0, 60]: 4.42
[1300, 0.4, 0.4, 0.1, 0.01, 25]: 12.89